421 870 961 286 114 603 667 777 642 716 915 915 926 860 721 918 13 26 797 437 748 484 901 65 673 5 148 830 292 983 348 784 960 315 978 705 968 299 512 740 965 279 481 782 838 987 213 986 113 882 871 912 874 708 580 554 79 923 918 89 594 370 745 605 587 477 111 792 887 195 466 62 437 126 410 962 141 132 705 226 5 377 177 623 552 782 605 78 59 931 737 762 815 320 529 189 2 595 224 594
891 267 254 169 332 766 662 672 41 800 740 219 597 723 53 74 221 7 612 179 577 782 264 540 641 616 259 592 230 635 285 322 956 720 139 14 94 377 892 54 113 125 261 904 315 602 12 790 558 605 954 571 71 794 549 623 45 510 887 556 413 568 39 342 854 667 278 406 67 654 789 484 632 748 794 693 698 39 327 782 781 896 298 331 971 732 37 845 316 498 759 129 647 731 652 838 985 311 150 218
487 766 572 516 894 15 855 195 848 217 772 581 502 559 779 517 5 341 644 392 106 500 83 568 565 565 763 715 572 994 760 748 525 490 709 977 679 125 796 952 305 500 873 483 222 849 27 608 459 821 153 368 646 553 887 648 535 236 714 763 640 155 570 133 872 269 430 809 153 475 719 35 931 197 574 563 628 60 932 316 517 211 953 689 119 145 763 370 271 449 282 901 497 404 262 135 912 421 647 371
784 567 163 124 758 422 248 654 616 410 213 946 764 363 473 872 633 333 234 399 253 704 190 538 197 931 380 885 139 284 724 323 357 645 996 792 912 111 774 906 886 354 745 143 781 265 359 798 703 255 232 117 647 597 213 912 579 313 815 510 624 388 898 942 582 863 844 488 215 979 422 222 344 417 680 564 858 769 603 703 394 417 130 938 54 981 148 851 551 454 2 819 824 266 973 172 138 75 462 801
4 975 253 297 500 719 321 263 239 772 982 167 205 518 351 791 301 969 705 673 655 688 699 406 684 169 718 806 693 80 24 748 303 309 566 51 453 148 804 532 615 317 188 131 758 323 512 798 616 727 179 464 644 369 439 991 38 510 539 674 163 837 937 507 912 625 355 445 112 837 527 763 633 448 615 829 121 237 682 349 414 672 15 128 615 929 79 21 106 930 190 288 717 891 993 306 474 781 963 533
620 436 790 539 572 995 239 899 221 303 987 241 276 933 347 121 192 84 461 658 846 188 877 7 573 645 750 102 578 232 87 732 61 957 761 452 773 470 15 56 496 504 430 196 979 539 888 104 128 284 739 868 940 334 83 803 485 662 218 109 542 456 316 520 430 479 463 194 620 303 466 748 690 586 472 409 531 454 359 452 999 493 378 558 481 901 180 17 869 611 780 75 822 88 322 954 27 628 662 506
312 800 297 522 320 874 56 887 800 981 147 59 745 387 640 197 167 701 216 622 100 353 991 142 267 511 23 111 580 756 289 484 907 90 276 760 254 253 310 503 600 712 277 381 819 204 139 561 422 736 485 863 51 195 624 415 98 713 954 102 891 29 685 892 88 362 658 849 644 825 784 693 607 978 128 211 686 461 455 220 250 178 345 276 460 339 379 186 133 532 605 886 347 507 511 155 957 142 52 756
917 330 263 70 665 837 449 955 674 594 177 62 947 238 235 700 140 744 46 82 301 971 259 126 632 997 294 625 757 470 277 808 749 807 66 101 21 181 15 939 357 929 851 839 606 1 255 542 213 282 147 568 977 112 262 759 632 109 294 273 212 229 798 886 926 336 892 254 798 326 110 424 228 534 713 643 195 383 554 695 666 684 129 474 333 235 688 801 168 454 421 430 227 443 393 851 510 738 318 920
645 90 314 290 702 419 33 313 654 863 204 41 558 180 967 893 988 104 953 984 60 472 601 914 483 719 643 640 569 284 691 747 648 238 212 45 905 301 379 412 140 61 375 442 954 525 875 689 927 618 429 38 231 791 152 40 563 491 858 63 967 432 614 138 672 874 774 898 573 245 546 95 81 593 22 609 725 660 988 272 566 863 490 73 63 289 346 951 449 191 727 231 920 727 797 264 705 736 490 59
299 304 842 809 249 638 660 534 725 800 230 111 452 205 538 234 713 149 104 249 195 691 486 369 957 831 906 219 865 440 782 792 455 375 694 667 42 693 993 780 976 71 206 788 60 241 234 51 184 137 334 693 211 172 933 680 93 601 161 290 503 967 940 110 662 799 484 498 313 552 173 813 48 472 447 787 214 120 640 370 322 878 617 209 711 856 895 683 777 395 236 738 569 369 853 318 907 641 143 487
